17943
13103
155580
14917
20034
23120
17051
18196
13307
185017
18073
21483
52872
15324
18952
17630
19525
98676
10539
12085
11602
17252
103065
91812
22772
13809
15015
13010
18292
10503
63730
13459
82495
39144
29646
21054
18678
27356
59229
71855
16056
73743
30042
13764
126376
69434
36755
225444
14187
10679
30001
74077
12543
50222
21827
37186
23810
19332
10687
19203
10515
17793
22075
37934
16137
16397
50919
20862
15590
33076
50137
28062
30984
20642
18482
11810
56597
45224
28328
24927
14052
17519
25916
17399
18126
45737
14934
42004
12102
15885
32024
13296
23169
11099
25853
27079
91840
16907
19025
9971
9377
18567
15288
39481
24858
33519
14235
19086
18035
22529
22862
15805
10514
11049
36105
14727
11389
10229
62112
10451
20840
17106
40580
30725
13691
17892
31164
54138
13768
15734
4449
13522
25210
14144
10213
20151
9071
16528
3880
9313
8381
17599
45145
7555
12174
15403
17302
9453
11825
13865
13489
12809
40282
24441
19956
10332
11939
13990
10323
21050
18824
14118
31527
18052
7712
23868
32199
17762
14626
32979
69459
11752
10686
11193
17090
16701
18344
15192
16341
32228
16382
9947
29252
6950
15169
9360
15661
16666
10241
15402
14987
13301
13245
14530
31213
14951
13925
9688
10554
16890
10192
34989
12151
10865
12577
6824
10931
20697
8983
3441
15407
32240
40808
24492
33567
7082
15036
7829
7854
18242
32173
8038
5061
16952
6977
9074
10866
23748
15396
15114
4984
14534
13476
13843
28336
15385
6800
4190
3552
27163
35312
7576
31382
10400
11314
13194
25667
8018
13030
14605
11911
11406
14995
21446
8607
8188
47245
56416
9284
12236
38291
17710
9234
16868
8538
17708
12857
42364
10215
28053
7170
17714
10304
10728
10358
14594
12689
78897
13300
10603
8902
10828
12717
5102
12078
10232
1914
6923
5186
8926
12013
26133
14517
8656
13984
14709
12567
22358
16153
11331
7369
11398
15179
11787
4771
10031
25449
22655
12257
13363
12365
14345
4922
8259
4904
7835
27918
7438
15186
5850
13406
15751
13745
25035
24049
11839
17506
8938
2748
11772
6584
9773
12825
12799
4557
7188
13890
7789
5706
28377
10197
56086
14011
15257
24478
10269
3194
16940
7956
10155
13299
1828
9523
6466
21423
30021
3572
5027
6087
5218
12906
12967
1260
3342
13158
10933
17620
20664
14796
11377
8889
9484
16856
10997
9062
17335
9588
31193
31630
6986
26002
6072
11627
15142
17246
12984
12397
10708
9583
47595
8559
13833
8416
23193
2875
11886
16517
28602
5012
5508
13472
4269
9111
12553
6527
11154
7383
5349
11925
16131
11447
7542
17611
990
13847
5040
7353
11304
11406
6304
8077
10240
6615
11462
14791
19978
12357
19590
12440
8098
12742
5816
8580
14542
4705
11554
12292
29897
7719
6104
1225
4137
19166
12141
5430
6240
3314
49403
11369
30412
26857
1766
6201
6379
14110
6838
18723
8253
13186
9217
10942
9360
2135
16008
9953
5774
15511
8657
15245
5326
21192
5053
26524
13567
8278
7303
11979
9759
18127
5103
36096
9893
8289
7932
5988
8387
7092
9101
1255
27443
3701
13393
5048
5079
6564
10939
6228
9394
14886
21473
11440
11761
5018
5181
46008
12914
5334
8777
21115
14747
1834
7790
5875
8418
10156
10412
9059
2234
15767
15769
670
7011
4671
7967
10142
5086
8451
20386
8813
15129
23098
6837
24726
13528
17620
6515
11873
4833
7499
8998
9297
9128
4180
19247
8128
9685
20783
15591
11012
5882
12754
6268
15547
8056
5803
12677
6535
28239
5785
5397
2998
5440
7190
16691
26412
7335
9489
5771
10760
2749
7420
12640
2835
7421
7819
9604
4011
11826
2694
1856
6356
7794
5293
11024
8566
5067
3268
7990
725
9011
3832
2867
10393
17425
9272
2616
8208
3554
6515
3746
6780
9307
7384
6176
1274
378
2282
6273
16486
9357
7571
1348
6548
7981
7259
4290
8926
8387
9275
8146
16411
8949
7392
2002
8126
800
919
4225
5011
6609
29661
6031
8825
2015
4951
6965
14412
5296
4367
4040
1328
3356
2296
13511
444
21765
7261
11419
7787
12648
1019
2695
2370
8044
1715
3876
10427
9518
7548
16249
20256
3363
8670
7064
3881
7673
1913
10264
6323
9314
5916
16242
11425
12381
10337
12124
11995
16217
10842
1270
4931
6377
3107
7699
3490
1637
4220
831
8309
3344
3882
19009
5769
666
10830
3608
1026
8241
6410
4597
10962
820
9465
3917
6954
12132
6462
4134
3043
5870
8495
878
9961
5852
1960
1461
2289
5857
9446
10320
6254
6931
7150
5073
4211
6236
19279
3873
4107
392
2871
10656
5865
4244
5622
5022
4599
14761
9255
3679
8473
4146
4777
3986
8170
1894
6532
2278
5147
1612
6679
915
5484
425
1547
5245
9181
5255
9606
5154
12870
1383
5973
660
5908
4962
2474
3980
7263
6406
3324
842
8322
10968
5372
10195
6394
4369
4191
5755
1281
898
783
9087
588
20035
16749
12870
5598
6640
3837
1055
5406
5338
813
5359
4025
2043
726
4102
9911
2638
5153
2890
3171
3933
15557
2471
5861
5722
3899
490
605
9366
4356
10260
2555
632
7369
6936
4034
4077
8939
12363
1238
2984
4675
7036
1090
2274
4355
3507
3460
1921
9133
798
9397
2759
5857
6341
6095
2003
6997
7795
651
5715
972
10270
3809
3499
5446
15973
372
4926
2633
358
4370
969
4692
2170
6995
2981
2887
9944
7024
3314
9409
6120
2790
7464
913
10990
2779
4576
6504
2278
1745
2075
2601
4213
2399
8738
7375
3617
7181
7792
4155
10553
1039
361
1955
2355
3409
5067
630
9604
3861
12027
7661
1714
3500
13225
2178
5184
6151
10151
282
2150
3727
4015
522
5025
1604
314
4151
7579
6583
4852
2255
4859
3769
1887
2761
746
2176
3997
4195
2304
464
4920
5318
7551
2389
5643
7382
7897
2825
10952
6506
2949
4184
2798
2241
5794
3601
2164
1503
2363
5425
4980
5152
4321
9236
4540
4029
7526
3221
4667
3370
2787
1610
680
6452
3573
1814
1660
8973
2393
1379
2283
7273
3373
172
4838
2161
6402
10065
5629
465
5120
13355
9958
1323
4392
3551
3692
3668
512
6946
3525
3740
4338
8507
7062
1841
472
2071
3419
5509
4162
3205
6058
277
11097
2840
3731
2428
551
5691
3241
8321
998
206
1362
3737
11712
4293
5905
3562
2182
5097
4203
7679
2567
11996
1590
1055
385
2068
5780
292
1027
2182
507
3308
430
363
2943
626
4044
1183
2831
2217
3931
4220
5059
2983
4837
4763
5816
3455
4434
315
2333
3636
1022
7246
4089
9573
3432
1728
7000
4217
702
3882
2426
9308
3059
624
7106
1376
5830
1932
6629
2582
2093
3390
5363
374
10585
3660
5614
1779
1026
3412
451
4870
12649
356
2342
3758
402
2181
3514
4137
4418
3018
758
7137
1543
6711
1163
2397
1527
758
4659
1736
2899
4335
716
91
1121
3519
406
2595
9652
3432
3329
4709
3177
6132
5519
2274
1526
2468
1516
2174
5074
1808
4530
3801
713
399
3873
395
2784
509
422
920
1844
3026
404
809
4293
4402
3552
619
2314
193
10147
5465
2502
104
3476
6810
2556
3817
6260
3143
5499
6284
2176
2423
1798
303
2618
1810
1410
6384
8266
773
1254
175
2158
4142
2826
491
4257
5389
4717
1116
803
2304
4279
436
886
3187
1115
246
1093
159
353
2809
4262
383
245
285
1376
3295
2715
955
1270
5231
5969
562
1512
2816
3726
150
1462
1349
1614
2388
951
3961
274
2301
118
6891
1838
7075
2412
549
300
3850
837
2003
170
2666
6164
3449
1003
127
4230
6049
1720
474
163
298
1937
309
470
153
335
5920
1712
2071
4467
177
2446
4102
2460
2655
370
1417
1416
2251
1826
3336
5784
387
147
215
1258
68
101
3281
174
2267
322
168
1314
1488
2259
3531
1891
333
12667
1794
164
2601
1495
3257
3376
2178
1343
1156
93
3881
100
2306
2466
2148
3862
2427
3707
3636
3601
2468
3855
1942
1957
214
1617
1100
2196
1374
5790
2480
106
3719
439
130
1117
1561
3321
1936
479
890
2103
1656
2512
3228
4070
3454
256
1873
2152
3256
879
119
546
785
2894
4227
1856
1001
1172
1088
73
69
59
228
3322
537
2554
2113
82
1002
1280
161
4055
2457
485
1759
127
1497
412
2242
73
2615
4588
1848
142
4183
4010
2140
1810
2469
4343
1726
1521
1188
1536
1575
333
1652
237
1821
1569
254
2687
1784
3918
88
1490
3306
959
2250
2630
3763
278
3527
545
4211
2224
855
2971
1819
105
1188
117
2624
332
1469
2413
1902
1430
1780
2574
3399
2520
5881
5054
2631
464
2731
446
2398
1541
3989
2802
800
86
1971
1103
3350
511
1651
2767
204
944
1998
1589
954
2084
914
2303
258
385
5666
92
183
1226
660
244
1091
833
2079
215