573
580
588
591
592
593
594
608
613
614
622
628
635
639
643
643
646
648
649
650
651
662
667
668
681
690
711
716
716
719
722
728
730
730
735
738
745
746
749
750
757
760
769
772
775
776
777
778
778
787
788
790
793
794
798
801
803
804
809
809
815
822
823
823
826
828
830
835
838
838
839
840
841
844
845
846
847
852
853
854
855
857
858
859
860
860
861
861
867
869
869
872
873
874
878
878
878
880
880
883
888
889
891
893
895
895
898
904
907
907
908
909
917
918
922
925
925
925
928
930
930
931
931
932
933
935
936
936
936
938
938
940
944
947
949
951
954
955
956
957
960
961
961
964
964
965
966
980
982
982
984
984
985
986
988
990
990
990
991
992
992
994
997
998
998
1001
1001
1012
1012
1014
1023
1025
1027
1028
1028
1034
1037
1040
1041
1042
1045
1047
1047
1051
1053
1054
1058
1061
1061
1062
1063
1064
1064
1065
1065
1066
1067
1069
1069
1069
1074
1075
1076
1077
1077
1078
1081
1083
1085
1088
1088
1093
1093
1094
1094
1097
1098
1098
1099
1101
1102
1104
1104
1104
1106
1108
1108
1109
1109
1110
1112
1114
1116
1117
1118
1121
1121
1122
1122
1123
1124
1124
1125
1125
1126
1126
1126
1127
1128
1130
1133
1133
1133
1134
1135
1135
1135
1136
1139
1140
1141
1141
1142
1142
1143
1144
1146
1146
1147
1148
1148
1148
1148
1150
1151
1157
1157
1159
1160
1161
1162
1163
1165
1166
1167
1169
1172
1172
1174
1175
1175
1176
1177
1178
1180
1180
1182
1183
1184
1185
1185
1187
1188
1191
1198
1198
1199
1199
1202
1204
1204
1205
1205
1206
1207
1207
1209
1214
1216
1216
1217
1217
1218
1219
1219
1221
1222
1222
1222
1223
1223
1223
1225
1227
1228
1228
1229
1230
1230
1230
1231
1231
1231
1232
1233
1234
1234
1237
1238
1238
1238
1239
1241
1241
1241
1242
1243
1244
1244
1244
1245
1246
1246
1247
1247
1247
1247
1248
1250
1250
1250
1251
1252
1252
1253
1254
1254
1254
1255
1255
1256
1257
1260
1260
1261
1261
1262
1263
1263
1264
1266
1267
1267
1268
1268
1269
1269
1269
1270
1270
1271
1271
1271
1272
1273
1274
1275
1275
1275
1277
1278
1278
1279
1279
1280
1282
1282
1283
1283
1283
1284
1284
1284
1285
1286
1286
1291
1291
1292
1293
1294
1295
1295
1296
1297
1299
1299
1301
1301
1302
1302
1303
1305
1306
1306
1306
1306
1306
1308
1308
1309
1309
1310
1310
1311
1313
1313
1314
1314
1314
1315
1316
1317
1317
1318
1320
1320
1320
1320
1320
1320
1320
1321
1322
1323
1327
1327
1329
1329
1329
1330
1331
1332
1332
1332
1334
1335
1335
1335
1337
1337
1339
1341
1342
1343
1343
1343
1345
1346
1347
1349
1350
1350
1352
1352
1355
1357
1358
1358
1360
1362
1362
1363
1363
1364
1365
1366
1367
1368
1369
1369
1370
1370
1370
1371
1372
1372
1374
1374
1376
1376
1378
1378
1379
1379
1379
1383
1386
1386
1386
1388
1389
1389
1389
1390
1392
1392
1393
1393
1394
1395
1396
1397
1398
1399
1402
1404
1405
1405
1406
1406
1406
1408
1408
1410
1410
1412
1412
1413
1415
1417
1419
1419
1419
1420
1420
1420
1420
1421
1423
1423
1424
1425
1425
1426
1426
1426
1428
1431
1431
1431
1435
1437
1437
1438
1439
1441
1441
1441
1441
1442
1442
1442
1446
1446
1446
1446
1447
1447
1448
1448
1449
1449
1450
1451
1456
1459
1460
1460
1460
1461
1462
1462
1462
1462
1462
1463
1466
1467
1467
1467
1469
1470
1471
1472
1472
1473
1473
1474
1475
1477
1477
1478
1478
1478
1478
1478
1480
1481
1481
1482
1482
1482
1483
1483
1484
1485
1486
1486
1486
1487
1488
1489
1490
1493
1494
1495
1495
1495
1497
1498
1498
1499
1499
1500
1500
1502
1502
1502
1503
1503
1505
1506
1507
1507
1508
1508
1509
1510
1510
1510
1511
1511
1512
1513
1514
1515
1516
1517
1517
1518
1519
1519
1519
1519
1520
1521
1521
1522
1523
1524
1524
1525
1529
1529
1530
1530
1532
1532
1533
1534
1536
1536
1537
1538
1538
1538
1539
1539
1539
1540
1541
1543
1543
1543
1543
1544
1546
1548
1549
1549
1549
1549
1550
1550
1552
1553
1555
1555
1556
1557
1559
1559
1559
1559
1560
1561
1563
1564
1567
1567
1567
1568
1570
1571
1572
1572
1574
1574
1575
1576
1577
1579
1580
1581
1582
1583
1583
1583
1585
1585
1585
1586
1586
1586
1588
1588
1591
1592
1592
1593
1593
1594
1594
1596
1596
1597
1597
1597
1597
1598
1601
1601
1602
1603
1606
1607
1607
1609
1609
1609
1609
1610
1610
1611
1611
1611
1611
1612
1613
1613
1614
1614
1615
1616
1616
1616
1617
1619
1619
1620
1620
1621
1621
1621
1621
1624
1624
1625
1626
1628
1628
1630
1631
1631
1632
1632
1632
1632
1633
1633
1634
1634
1636
1637
1638
1638
1639
1639
1640
1641
1642
1643
1645
1646
1646
1646
1647
1647
1648
1648
1650
1650
1651
1651
1656
1656
1656
1657
1658
1658
1658
1658
1659
1659
1660
1661
1661
1662
1662
1663
1666
1666
1666
1668
1668
1670
1671
1671
1671
1672
1673
1674
1674
1674
1674
1675
1676
1676
1677
1678
1678
1679
1680
1682
1682
1683
1683
1685
1686
1686
1686
1688
1689
1689
1691
1691
1692
1692
1692
1693
1693
1694
1695
1696
1696
1697
1699
1700
1700
1701
1702
1703
1705
1706
1708
1708
1709
1710
1712
1713
1713
1714
1714
1714
1714
1715
1716
1716
1717
1718
1718
1719
1720
1722
1724
1725
1726
1727
1728
1728
1729
1729
1730
1730
1731
1731
1732
1733
1734
1735
1735
1738
1738
1740
1741
1741
1741
1741
1742
1742
1742
1743
1743
1744
1744
1746
1747
1747
1747
1747
1747
1748
1748
1749
1749
1750
1751
1751
1753
1754
1754
1754
1754
1756
1756
1757
1757
1758
1758
1759
1759
1759
1760
1761
1761
1761
1761
1761
1762
1762
1762
1763
1766
1767
1769
1769
1769
1770
1771
1771
1771
1771
1772
1772
1773
1773
1774
1776
1776
1776
1777
1777
1778
1778
1778
1780
1780
1780
1781
1781
1781
1783
1784
1786
1786
1786
1786
1787
1788
1788
1788
1789
1790
1790
1791
1791
1792
1792
1792
1793
1793
1795
1796
1796
1796
1798
1799
1800
1800
1802
1802
1804
1804
1804
1804
1804
1806
1806
1809
1809
1809
1810
1810
1810
1810
1811
1811
1813
1813
1815
1815
1816
1816
1817
1817
1817
1818
1818
1819
1819
1820
1820
1821
1822
1823
1827
1829
1829
1830
1831
1831
1831
1831
1832
1833
1833
1834
1835
1836
1836
1836
1837
1837
1837
1838
1839
1840
1841
1841
1842
1843
1844
1845
1845
1846
1847
1848
1848
1848
1848
1850
1851
1851
1854
1854
1855
1856
1856
1856
1857
1857
1859
1859
1860
1861
1861
1862
1863
1864
1864
1864
1864
1865
1865
1865
1865
1866
1868
1871
1872
1872
1873
1874
1874
1875
1875
1875
1877
1877
1877
1878
1879
1879
1879
1880
1881
1881
1881
1882
1882
1883
1884
1884
1884
1884
1884
1885
1886
1887
1887
1888
1889
1890
1892
1892
1892
1892
1892
1893
1894
1894
1894
1895
1896
1897
1898
1899
1899
1900
1901
1901
1901
1902
1902
1903
1904
1906
1906
1908
1908
1908
1908
1909
1909
1910
1910
1910
1910
1913
1914
1914
1914
1914
1915
1916
1917
1917
1918
1919
1919
1920
1922
1922
1923
1923
1923
1925
1925
1925
1925
1925
1927
1927
1928
1929
1929
1930
1930
1930
1930
1930
1931
1932
1932
1932
1933
1934
1934
1935
1935
1936
1937
1937
1938
1938
1938
1939
1939
1939
1939
1940
1941
1941
1942
1942
1943
1943
1943
1943
1944
1945
1945
1945
1947
1949
1949
1949
1950
1951
1951
1951
1951
1952
1955
1957
1958
1959
1961
1962
1963
1963
1963
1965
1966
1967
1967
1969
1970
1970
1971
1972
1972
1973
1973
1975
1975
1976
1977
1977
1978
1978
1978
1979
1980
1983
1983
1983
1983
1984
1985
1985
1986
1986
1986
1986
1987
1987
1988
1988
1990
1990
1991
1991
1991
1991
1991
1992
1994
1995
1996
1997
1998
1999
1999
2000
2000
2001
2001
2001
2002
2004
2004
2005
2005
2006
2007
2007
2007
2008
2008
2008
2009
2010
2010
2011
2011
2011
2012
2012
2012
2012
2012
2013
2014
2014
2015
2015
2016
2017
2017
2017
2018
2018
2019
2019
2020
2023
2023
2023
2023
2024
2024
2025
2025
2025
2026
2026
2028
2028